$ANSIBLE_VAULT;1.1;AES256
35353333653836373536656433333639346265306461626535666366646437383535623064653562
3665383963306636313462316261303763646461346538630a613330343731616230626134613936
34386435633966373166333566373866613934366436633432323062356162313331333532633532
3138376364376236310a643137363531346464386661623834383533333466623361323733636533
33643466323964323663386337343766613931633865343664636265643337356363646230323437
66383539363932663830633264623735366637393234313134313731373332663661303230336137
61643461623265653837343939303838353633663830316332366636623038613131636435633566
36633061306232663563643932363932333062613633356133656134383963336463366166663432
61313632623165323163303736393134326239393561646566373465633435313130663434636439
31343063643434383332333632323833363464656637373964643330393833636563636462646430
62383938323164336366643430396465333339633962613834346263623364373733636430373965
66626635313861373166646432653336383639366332653731626337313561316630386237623331
36623534313063303465616434646238646234346539633639343633316538646537396232663938
64333965616439366136653432633238386337333439363162333135303062386531356339653261
31643632666666353566633032313932353532306335363131396566306266353231393965363665
62393966643136333630623466316264663566353362366662323639643835666663346232393164
34373666386364373431343161336233383032363762643763623462343838346138363364363763
65663962363362323535613462306538333738333265303537366235633466643465343635633961
30323838383962653737633261373064663532346135646431663263303937393062653136633731
31366530326466656131666633626237633864353838613230326138366137643163393532343334
35656564303431663735313035303264643563393766666636363135346166363236626434663834
3334333233643863376466666430396562643539363933616562
